193877776
121550624
104060400
146410000
146410000
104060400
0
116985856
187388720
146410000
112550880
5764801
6250000
0
146410000
88529280
141158160
5764801
6765201
0
193877776
121550624
104060400
146410000
0
1336336
100000000
11316496
71639296
21381376
151807040
4100625
17850624
146410000
71639296
163047360
136048896
141158160
92236816
71639296
1336336
0
193877776
121550624
104060400
146410000
0
1336336
100000000
11316496
71639296
21381376
151807040
4100625
17850624
146410000
71639296
163047360
136048896
141158160
92236816
71639296
1336336
0
96059600
100000000
0
193877776
121550624
104060400
146410000
6250000
5308416
5308416
6250000
0
96059600
100000000
0
