193877776
121550624
104060400
146410000
16777216
112550880
141158160
88529280
121550624
136048896
4477456
96059600
151807040
141158160
0
116985856
187388720
146410000
112550880
16777216
112550880
141158160
88529280
121550624
136048896
4477456
96059600
151807040
141158160
0
146410000
88529280
141158160
16777216
112550880
141158160
88529280
121550624
136048896
4477456
96059600
151807040
141158160
0
193877776
121550624
104060400
146410000
16777216
112550880
141158160
88529280
121550624
136048896
4477456
96059600
151807040
141158160
0
96059600
100000000
0
193877776
121550624
104060400
146410000
181063936
104060400
174900624
181063936
16777216
112550880
141158160
88529280
121550624
136048896
4477456
96059600
151807040
141158160
0
96059600
100000000
0
193877776
121550624
104060400
146410000
6250000
5308416
5308416
6250000
5308416
6765201
0
193877776
121550624
104060400
146410000
6250000
5308416
5308416
6250000
16777216
112550880
141158160
88529280
121550624
136048896
4477456
96059600
151807040
141158160
0
104060400
207360000
151807040
181063936
0
